0.107267 0.088817 0.071173 0.487839 0.002024 0.037545 0.002630 0.076964 0.107803 0.017938
0.018595 0.182321 0.097084 0.018474 0.305156 0.069242 0.072321 0.091349 0.007972 0.137486
0.011058 0.057260 0.416821 0.050765 0.169705 0.025980 0.207828 0.042970 0.006174 0.011439
0.012555 0.025213 0.038208 0.083302 0.337653 0.229177 0.068197 0.044329 0.079880 0.081486
0.168485 0.016584 0.084256 0.101182 0.126702 0.099893 0.159596 0.090822 0.023462 0.129018
0.147025 0.066005 0.009609 0.226005 0.353796 0.011825 0.073051 0.014839 0.043404 0.054441
0.020835 0.066324 0.210458 0.078093 0.084309 0.200200 0.028745 0.011063 0.101913 0.198060
0.008785 0.108121 0.049100 0.313368 0.094691 0.123026 0.028275 0.015879 0.038892 0.219863
0.011980 0.231673 0.172519 0.020402 0.138267 0.035582 0.079417 0.138558 0.126195 0.045407
0.062975 0.091267 0.252494 0.062472 0.029419 0.050125 0.027968 0.385566 0.003979 0.033735
